0 30 1202 55 218 48 251 42 211 21 287 75 154 71 355 92 241 76 141 23 120 77 409 80 454 25 100 96 391 45 442 18 47 35 280 67 21 72 291 61 163 84 437 58 56 32 66 83 63 59 490 95 58 85 185 34 7 81 427 24 27 4 246
1 30 968 34 110 17 324 22 280 59 358 16 266 48 80 4 6 21 299 15 58 35 48 64 316 26 140 94 487 95 439 20 456 56 195 77 187 54 87 72 321 52 489 51 420 58 257 40 108 23 397 42 423 61 257 100 451 86 446 41 105 1 148
2 30 1168 52 277 34 257 63 306 77 66 46 31 17 65 88 425 4 95 47 153 69 113 45 469 64 447 54 9 39 11 61 187 62 37 72 418 29 494 74 376 85 90 9 346 56 498 49 76 93 396 91 450 37 381 60 497 67 473 90 136 35 305
3 30 1036 93 111 89 82 25 50 27 486 57 276 34 184 37 78 80 465 20 29 1 300 40 197 67 312 53 421 75 287 49 366 74 415 79 59 23 455 44 206 43 21 85 8 65 208 39 4 42 113 19 462 88 358 6 106 4 306 31 170 92 439
4 30 1059 32 397 33 404 34 340 43 198 54 8 90 72 49 3 91 10 42 500 48 347 57 303 53 488 24 489 28 15 79 312 64 111 15 149 51 58 46 202 9 232 23 257 65 266 75 464 66 374 20 468 26 259 92 14 87 158 44 498 73 254
5 30 981 12 421 56 121 19 257 63 369 65 47 91 73 32 155 39 307 70 356 42 175 9 500 66 422 38 476 35 248 99 21 26 71 82 386 59 299 2 371 8 61 21 378 16 104 71 91 22 408 85 360 83 201 46 483 96 355 45 429 4 203
6 30 1002 27 287 56 98 1 364 58 274 93 74 77 63 16 389 36 423 25 95 26 193 40 96 88 346 43 358 90 471 61 244 98 499 95 52 63 452 7 25 53 421 92 293 15 318 3 472 34 308 32 392 49 2 4 92 99 103 6 57 45 330
7 30 1007 63 321 34 483 13 379 39 379 96 93 50 90 87 164 79 272 23 110 15 23 11 119 66 162 73 109 54 78 65 450 59 80 44 62 35 222 52 65 17 144 14 358 82 429 36 154 3 397 68 125 60 138 90 21 10 198 26 139 76 249
8 30 1031 46 98 93 59 84 314 11 348 83 106 13 440 40 41 28 345 43 476 12 119 35 2 8 355 63 406 33 202 72 208 50 117 57 42 75 440 37 287 90 95 51 81 34 143 60 278 36 141 55 470 42 462 77 57 19 261 58 42 68 59
9 30 1051 10 124 53 185 15 160 73 53 1 267 3 233 52 297 93 329 33 380 70 187 63 500 29 19 71 489 28 112 56 39 22 431 91 158 97 2 30 249 2 449 86 500 99 130 81 131 9 2 69 62 16 21 90 187 79 314 54 86 27 369
10 30 1094 94 184 65 195 66 166 48 166 68 234 17 267 15 197 49 224 50 270 85 366 42 426 52 84 56 217 37 142 69 16 62 114 99 278 9 416 43 156 81 11 41 98 29 456 46 229 31 196 67 61 92 464 26 148 80 415 30 354 14 480
11 30 1030 31 22 96 74 29 476 36 270 25 416 77 71 7 118 46 125 30 40 16 493 66 215 72 232 61 60 37 492 91 210 87 116 38 215 51 359 18 287 13 313 45 30 10 369 59 50 67 151 75 98 98 110 69 34 1 311 95 340 26 184
12 30 1164 54 476 43 396 93 181 9 458 26 338 67 294 49 16 30 151 34 233 25 183 42 274 92 62 59 245 73 253 36 298 37 341 31 236 70 11 44 227 88 234 94 82 82 61 63 132 95 247 77 188 21 102 17 474 45 152 71 181 96 363
13 30 1117 79 166 26 123 92 13 8 437 94 189 98 109 72 292 7 232 20 247 66 240 48 58 56 321 54 107 91 187 50 339 49 29 4 274 3 247 87 210 84 232 33 192 73 176 99 357 95 145 74 35 31 490 12 336 22 250 23 278 47 196
14 30 1052 32 46 34 193 81 418 42 113 61 67 88 359 23 82 55 196 68 346 78 310 9 213 58 115 87 7 37 5 56 268 2 242 82 159 54 94 19 172 33 330 46 166 84 493 70 443 35 52 73 410 14 381 66 171 29 478 4 39 83 449
15 30 945 10 255 81 339 98 374 93 331 7 414 25 349 28 56 24 438 21 304 35 442 44 500 12 472 29 115 11 412 15 20 66 95 17 293 83 261 75 190 27 452 90 226 79 297 2 416 70 305 51 411 72 431 41 434 42 256 53 359 50 14
16 30 1024 75 494 96 336 21 137 62 272 78 439 50 27 40 166 97 268 6 48 69 280 19 151 52 492 28 356 77 221 23 169 64 95 57 325 66 35 15 467 61 407 84 408 55 251 13 402 72 445 73 122 17 276 14 144 4 91 46 372 29 230
17 30 1228 5 415 97 272 27 455 55 234 61 358 98 414 29 194 86 302 10 414 67 105 82 29 52 24 74 176 30 314 4 11 70 470 59 93 96 365 81 377 57 130 91 237 24 428 38 285 41 305 90 89 93 113 43 68 94 308 23 257 78 92
18 30 1084 15 222 39 32 21 119 8 329 98 417 23 478 55 60 70 111 1 259 51 312 12 70 58 372 92 314 49 283 80 222 73 11 95 343 71 323 42 320 17 297 46 276 67 8 76 77 7 145 79 370 48 427 40 79 72 301 97 82 47 39
19 30 877 4 469 80 24 60 196 20 457 23 138 16 398 14 22 94 292 44 102 39 22 29 262 11 453 85 263 49 118 9 187 22 377 19 345 89 66 64 97 2 413 86 367 59 381 33 449 3 312 30 16 74 382 36 31 17 444 69 138 73 87
20 30 1136 82 461 53 498 9 41 51 173 78 17 59 357 27 191 89 476 93 153 5 108 26 138 7 314 20 124 57 89 61 429 75 95 41 179 92 2 71 242 74 249 10 484 37 175 98 464 67 450 33 392 77 8 49 465 21 77 91 215 70 22
21 30 1250 58 171 92 251 96 340 60 180 97 348 6 94 11 472 95 30 98 473 39 83 65 115 90 13 31 210 41 273 76 462 94 433 84 386 83 180 25 395 59 373 42 64 18 405 87 212 34 437 37 172 19 401 38 460 68 22 57 193 86 82
22 30 1103 2 371 16 181 48 10 91 172 4 306 90 8 45 53 93 481 89 317 51 341 6 162 57 226 83 14 18 332 84 403 13 385 26 28 73 390 60 96 85 204 62 490 96 194 30 164 44 271 70 57 27 195 40 92 64 423 75 366 35 212
23 30 901 43 214 29 415 3 140 63 299 57 447 2 318 88 350 11 218 65 406 40 334 18 380 54 10 95 476 84 61 10 195 75 175 70 330 15 32 28 123 30 130 41 470 31 303 87 195 61 378 81 23 12 428 4 307 19 64 34 473 38 361
24 30 1024 94 119 27 377 47 149 59 228 41 28 58 244 66 104 56 443 84 178 37 448 5 393 54 359 32 324 74 217 48 63 77 142 82 455 18 428 4 76 55 396 64 491 20 19 46 462 23 199 2 279 91 407 89 474 62 190 29 325 19 370
25 30 958 6 73 40 285 28 167 91 424 22 206 14 141 24 60 55 430 34 153 31 365 95 489 5 420 70 467 61 151 43 79 72 500 4 111 84 383 30 74 51 131 54 131 97 284 16 201 66 432 7 137 3 27 78 97 50 96 60 112 79 343
26 30 1187 41 304 48 343 34 71 86 139 53 282 74 269 83 140 29 346 36 195 73 290 21 103 77 252 33 137 15 63 79 456 66 478 98 151 49 235 42 453 17 415 99 54 51 460 76 250 93 178 87 70 81 320 6 495 82 36 2 100 65 452
27 30 1091 50 265 86 391 18 54 58 438 52 211 62 31 14 22 55 389 71 448 57 369 98 76 26 44 10 461 46 409 25 149 90 186 53 159 40 410 96 143 72 158 85 31 80 25 1 379 42 409 47 139 37 172 83 146 84 380 6 160 15 101
28 30 1078 65 167 59 304 76 207 47 400 64 323 84 394 2 61 46 280 54 378 41 142 49 175 87 384 6 44 44 137 1 125 3 357 53 109 55 304 24 477 39 69 79 399 66 10 71 240 93 413 88 419 51 24 95 67 60 53 10 12 29 464
29 30 1028 68 433 24 22 36 99 51 427 67 81 25 132 42 225 55 181 69 167 21 387 44 62 63 410 73 67 71 237 48 287 4 232 10 478 20 309 80 246 27 260 70 311 1 147 65 382 15 83 54 354 97 267 66 158 92 84 28 228 83 266
30 30 1057 83 115 28 12 34 488 91 31 14 302 76 3 98 392 36 65 74 289 18 477 37 36 94 194 27 429 73 254 12 439 78 266 63 253 93 418 92 44 46 146 42 137 33 206 75 291 9 10 2 389 64 275 13 430 4 330 30 66 72 10
31 30 1003 3 215 54 448 61 195 85 445 52 399 18 78 89 226 39 324 28 327 21 466 50 321 47 331 32 254 48 334 69 301 82 329 66 125 98 116 42 27 4 168 27 347 92 217 12 182 17 214 15 396 41 146 40 479 60 298 77 422 64 315
32 30 1317 47 383 80 225 81 72 42 232 35 475 29 414 96 421 11 145 61 241 62 253 53 411 91 181 84 379 73 399 94 371 25 96 13 248 89 444 83 363 43 382 92 108 12 370 72 111 86 476 63 396 67 143 97 267 78 490 38 111 85 323
33 30 1019 14 473 19 48 35 461 82 26 21 10 90 290 13 400 20 189 62 468 55 357 99 51 23 228 93 112 11 196 65 324 68 483 24 355 95 5 32 215 66 221 5 100 34 256 72 474 70 139 28 326 37 130 16 374 64 306 84 459 60 479
34 30 1080 52 183 33 446 39 416 13 256 37 369 56 422 24 27 95 445 17 474 70 53 55 422 20 329 85 325 64 495 46 423 73 497 57 157 7 251 61 27 58 334 50 484 28 95 53 216 4 359 89 423 87 173 51 168 45 425 92 294 82 149
35 30 1078 88 228 73 246 78 133 72 287 66 273 22 45 19 473 49 287 76 307 75 151 46 300 2 496 10 191 53 310 81 234 18 498 83 271 70 79 41 443 79 127 86 402 20 31 1 273 71 171 32 361 54 342 39 386 27 365 47 145 63 295
36 30 1121 79 485 65 110 25 59 88 452 28 25 5 400 55 257 72 284 27 342 85 158 3 290 51 193 75 278 9 473 74 271 68 452 7 384 61 432 42 401 35 169 91 420 32 47 92 115 33 251 34 487 66 14 87 210 58 90 69 393 86 403
37 30 993 86 354 27 328 74 158 17 125 50 1 83 488 19 19 18 36 32 457 26 170 35 260 87 327 14 138 12 16 75 218 42 2 43 352 11 328 76 411 54 258 72 277 20 208 8 76 85 330 46 420 41 132 98 54 21 462 69 295 79 262
38 30 1029 96 373 13 22 83 440 97 45 46 255 95 17 31 266 76 190 41 61 71 139 80 311 22 77 64 243 38 284 37 68 85 292 10 206 26 302 3 471 47 309 17 163 91 382 39 232 74 151 12 130 65 334 58 129 28 448 16 367 9 500
39 30 1058 59 319 6 84 72 260 18 420 22 132 62 403 93 477 47 40 53 412 25 411 40 152 10 303 68 76 12 319 34 282 76 170 35 75 49 353 67 351 75 412 79 298 58 71 51 469 95 61 60 447 15 266 97 126 84 283 4 363 46 378
40 30 954 84 204 26 436 70 29 62 333 59 160 91 129 10 211 24 222 71 222 43 85 39 391 74 25 72 233 28 34 31 58 17 86 35 52 7 263 66 340 22 425 30 302 86 292 25 159 14 298 53 298 36 243 11 410 68 382 94 447 15 376
41 30 923 4 383 61 239 87 468 1 52 7 174 28 388 76 413 79 52 23 393 50 275 42 337 69 105 46 488 86 92 35 253 67 438 80 176 21 247 29 324 5 202 51 292 15 322 81 337 66 282 11 460 18 480 64 216 53 153 25 191 40 404
42 30 1087 66 412 2 246 36 406 38 49 28 153 23 260 89 288 41 452 47 11 83 310 26 101 63 384 54 67 60 44 6 264 61 470 17 7 57 23 94 423 85 446 45 97 87 285 37 90 31 499 72 193 76 324 55 459 77 321 19 72 79 434
43 30 1007 33 348 2 191 4 276 48 49 99 184 95 195 80 133 79 269 22 10 67 445 54 343 68 160 1 297 32 471 10 256 52 409 58 94 64 433 41 213 83 125 59 178 56 191 24 264 17 291 60 422 27 81 85 475 13 108 43 474 63 394
44 30 1119 83 372 40 46 57 280 10 139 56 168 68 12 24 35 73 192 77 32 14 309 11 194 46 185 58 53 79 432 67 125 66 139 64 63 47 95 37 203 92 305 2 128 26 171 84 437 20 330 82 356 87 286 35 218 53 211 43 174 98 41
45 30 923 20 322 77 322 13 481 87 414 60 339 40 131 67 249 14 403 43 137 27 382 22 213 51 326 23 186 48 335 68 156 37 241 69 128 86 229 66 425 11 284 25 124 96 219 74 422 2 125 9 87 45 209 21 456 28 428 44 368 47 233
46 30 1001 93 164 9 303 47 385 78 133 32 496 6 453 5 291 49 230 52 287 74 260 8 381 87 487 25 106 34 489 53 18 81 116 26 383 63 262 12 195 60 352 98 306 88 6 38 439 45 463 4 343 36 190 19 42 76 307 94 493 39 109
47 30 947 71 473 23 132 85 217 25 344 21 22 1 81 9 359 18 200 3 80 97 206 74 185 95 445 26 370 51 71 15 342 31 85 66 54 16 150 22 140 45 394 13 198 56 91 73 410 69 115 48 405 61 92 30 83 94 200 35 231 81 201
48 30 865 36 448 2 257 40 399 51 452 96 124 25 3 15 49 12 88 18 26 35 322 38 326 4 320 20 355 68 406 37 200 58 72 60 329 39 410 79 242 5 454 19 7 67 270 8 136 95 194 10 384 72 113 56 391 23 148 75 106 74 117
49 30 1021 7 12 26 337 5 382 91 423 40 162 42 9 69 129 55 463 38 38 34 402 93 76 21 468 75 328 32 6 67 500 65 330 25 53 58 195 9 497 57 202 30 159 39 268 97 124 41 51 60 478 20 353 78 319 48 385 94 434 43 389
