00 21 500 3389 167 1744 149 312 235 72 309 1142 194 347 253 1099 323 1372 276 176 183 944 222 428 124 1121 371 1654 52 196 51 757 279 1705 332 797 300 1480 461 1386 269 527 97 967 195 1790
01 21 500 3696 2 1323 317 1037 118 1890 316 1093 11 1186 247 414 381 797 170 512 1 501 308 653 481 768 38 1883 388 565 479 355 195 1526 144 1549 348 812 437 1817 202 752 409 64 289 1655
02 21 500 4175 477 1669 451 1647 180 1304 147 1840 456 479 459 345 362 347 409 1692 201 456 217 1196 356 416 7 1292 232 1060 395 1141 123 683 100 351 450 1598 383 1253 96 722 60 575 404 1288
03 21 500 4231 378 1165 331 1078 472 548 273 679 463 632 470 1547 191 716 187 1166 398 1833 117 100 282 714 334 1386 309 55 297 1735 87 1553 374 816 217 705 394 1040 104 166 218 918 149 39
04 21 500 3248 464 840 254 1150 357 151 335 1473 102 1116 186 1936 354 1346 342 150 81 780 202 806 96 770 10 1489 161 1465 6 1878 383 1155 268 846 346 1021 348 702 23 1682 174 125 149 711
05 21 500 3331 412 2 408 1105 4 1840 385 205 146 1480 327 507 320 1487 472 1677 217 354 183 1984 51 1880 357 1898 81 879 79 1106 355 728 168 118 76 1223 84 415 107 141 60 938 467 1919
06 21 500 3139 109 1305 390 637 373 595 320 1357 145 1699 65 395 132 1943 325 89 150 1404 119 485 184 1341 420 1950 299 560 362 1736 378 1280 196 1683 21 1333 55 115 4 763 111 1554 327 1357
07 21 500 3489 185 122 182 626 123 1085 234 241 69 769 82 1989 70 732 400 431 320 1278 62 1515 460 1582 199 366 48 702 481 1011 256 1659 367 792 280 48 417 254 133 1002 495 1053 122 428
08 21 500 3444 41 1192 159 1941 474 1978 70 36 345 881 117 1043 246 17 245 1078 27 2000 237 1393 291 868 293 560 122 925 413 1616 477 35 395 1370 226 1905 162 1551 383 1231 86 1727 111 1555
09 21 500 4180 121 1708 71 865 286 949 216 1874 341 359 241 485 270 1862 409 1182 329 1738 223 1459 293 128 472 344 362 1054 281 440 164 1835 60 1223 257 777 360 705 492 233 398 702 326 1882
10 21 500 2774 471 1187 143 1153 16 1732 220 1590 190 1865 69 1013 60 430 66 840 369 1581 27 781 303 783 57 1515 340 1548 99 1237 102 1424 470 572 111 1112 76 1978 343 1148 419 384 12 1988
11 21 500 3892 396 1571 417 1461 262 1638 41 1788 418 196 423 1974 210 762 373 1808 498 474 84 1819 398 546 431 1825 23 125 472 793 9 335 280 256 257 1549 69 1019 186 1109 158 1955 156 80
12 21 500 3684 280 1717 341 152 377 1190 478 1460 9 727 5 291 51 879 267 1875 171 1275 209 803 383 818 351 1951 188 1888 411 1345 194 1067 277 473 135 969 476 1011 11 1953 470 1871 179 826
13 21 500 3740 161 1582 56 927 456 79 54 16 381 788 333 1583 238 1020 322 148 217 15 66 493 339 701 461 1814 63 1971 267 885 341 797 210 353 378 1766 132 185 196 185 201 1076 472 1385
14 21 500 3437 10 61 405 831 60 1473 197 478 465 35 30 1777 200 1592 248 1966 476 1940 115 538 293 1492 155 276 29 850 460 229 425 1783 286 195 221 116 254 193 164 1231 157 50 260 286
15 21 500 3460 249 704 33 567 179 324 181 1716 468 1524 370 1243 52 1571 54 132 495 188 97 780 382 817 247 1136 362 1262 218 1870 311 1830 155 1560 39 126 63 863 306 131 330 1681 352 1425
16 21 500 4088 233 423 330 1716 417 18 312 1049 399 981 147 1886 194 1909 456 563 219 785 218 1130 169 1256 255 1731 470 1412 361 652 93 713 76 677 135 1905 392 1403 274 556 303 1025 388 1450
17 21 500 4207 410 581 358 217 143 928 353 212 58 1021 468 1312 252 289 76 964 440 520 176 1367 196 1162 272 1939 417 1897 494 1719 421 381 168 183 313 877 399 456 305 1752 167 1862 124 486
18 21 500 4049 25 1875 275 952 191 66 471 866 433 1018 380 1056 457 1296 452 1802 366 1873 35 534 407 1847 262 805 154 1566 408 1673 279 32 10 1656 258 1284 107 1448 202 430 166 1134 447 1045
19 21 500 3471 189 755 192 1140 57 57 364 1443 442 1770 289 704 427 295 121 186 467 752 69 476 407 827 112 1365 126 1813 294 1291 446 1593 187 1134 347 1730 125 1255 139 1989 49 1080 110 338
20 21 500 4261 135 1388 132 756 74 950 359 142 425 265 320 1536 481 298 348 1775 440 645 219 979 130 65 208 755 172 846 95 720 278 1556 409 764 444 392 371 869 341 1729 362 1118 345 1034
21 21 500 3044 153 326 331 353 100 1270 349 1818 248 1479 234 1308 85 257 5 1679 329 1134 89 1898 29 1833 268 1397 173 1497 111 642 341 144 147 166 474 351 117 1095 199 786 195 1177 372 1354
22 21 500 3730 261 1628 358 1791 308 1344 377 397 241 1905 229 1360 154 1753 208 764 247 1401 259 393 418 732 243 535 178 441 172 1872 470 1043 225 82 23 1435 330 1130 101 1078 370 1857 158 81
23 21 500 3953 362 1763 289 977 9 689 235 1253 106 966 495 1492 144 787 16 1367 108 558 444 1190 432 378 266 614 359 1366 43 580 74 1701 160 1436 315 300 412 675 488 647 427 1946 464 1921
24 21 500 3691 289 1459 59 1304 326 167 214 1769 208 497 498 1473 110 356 190 1153 435 763 205 1946 198 1371 246 962 45 1585 108 1971 382 1923 391 23 449 1326 207 1467 327 1174 240 1176 146 1849
25 21 500 2918 383 1835 353 1169 450 909 114 1147 279 1711 108 323 296 67 145 1529 490 535 51 1723 336 1229 281 1654 119 959 328 210 134 1825 59 368 12 1763 36 961 24 1001 107 1302 64 567
26 21 500 3320 477 359 485 621 239 1326 8 1790 48 1695 18 1680 348 488 138 175 198 771 352 1108 490 363 222 1377 323 245 378 1429 47 1793 347 1875 3 1332 495 741 9 354 30 409 88 1396
27 21 500 3833 387 726 422 1084 348 273 43 1338 135 1764 214 1957 9 1443 238 1907 235 84 281 1737 267 627 478 1128 481 1359 36 1380 258 1623 275 1644 200 1049 227 548 321 1621 237 308 384 950
28 21 500 3964 116 1392 245 353 298 331 289 1430 420 907 57 1249 34 1389 107 1921 268 1864 44 1895 359 243 443 937 142 615 378 922 441 680 390 1332 424 242 482 106 382 763 25 289 319 125
29 21 500 3661 174 207 232 595 327 947 490 1221 306 1084 163 1742 226 1129 299 1603 403 591 282 292 274 57 385 1255 267 18 39 555 188 1164 80 1747 247 174 73 1545 145 702 159 444 472 287
30 21 500 3156 94 1926 189 1684 60 1332 309 616 217 1564 130 483 433 169 389 1472 184 968 218 282 494 642 326 156 138 528 254 796 323 577 83 768 3 123 303 1062 307 1111 29 23 26 1159
31 21 500 3738 357 958 179 597 282 1714 416 351 495 1409 345 1820 417 982 199 522 278 21 99 1212 288 1601 186 1590 14 1492 201 1042 78 552 222 1036 230 1318 169 1943 234 519 289 994 363 109
32 21 500 4337 262 1197 159 1784 474 1180 382 185 319 834 222 1909 347 1714 461 1240 227 1038 292 1949 425 373 118 593 168 1203 464 956 197 1678 416 1810 374 575 93 199 254 474 235 424 307 957
33 21 500 3672 332 1505 170 1644 245 1896 182 888 196 1458 112 166 403 279 368 1866 235 1916 395 1002 226 769 76 1318 467 1681 144 54 105 1450 10 788 307 1679 432 403 426 1465 142 474 274 1253
34 21 500 3198 139 1676 32 358 393 1118 126 1788 119 351 408 47 20 226 79 163 279 535 465 1640 175 1623 318 106 25 1596 422 1666 69 1195 418 1059 223 801 416 1115 41 1254 389 743 13 787
35 21 500 3313 263 739 217 1277 369 1752 93 1009 426 1215 178 1883 239 273 156 1256 341 1702 26 1751 424 1326 167 391 96 1559 496 336 154 509 122 1768 99 690 44 967 293 989 327 570 203 1005
36 21 500 3515 452 1794 277 959 49 1970 161 1574 220 1936 252 1238 178 847 149 674 182 1802 155 1569 132 1344 464 98 137 1952 206 155 281 1510 300 1409 320 1348 378 1480 274 1450 268 525 187 445
37 21 500 3291 223 1835 118 1256 136 651 410 1556 282 1605 20 232 93 471 8 1151 477 1140 12 1276 48 1831 476 1926 163 249 227 1430 125 413 374 1199 100 1344 454 587 494 363 143 128 319 662
38 21 500 3852 211 412 132 1718 62 109 209 573 384 1756 403 359 33 65 459 1759 346 435 172 1720 133 1123 63 86 408 800 351 1887 119 512 97 1530 496 666 443 104 374 15 339 1630 269 550
39 21 500 4014 162 834 360 1773 179 295 296 750 279 1418 164 717 126 1924 368 977 310 986 340 759 367 1835 424 309 290 1298 175 481 444 1382 292 629 241 1064 159 1887 359 761 166 776 234 254
40 21 500 4838 347 1101 230 1009 439 1421 267 1305 256 1542 466 1897 339 992 377 469 435 1758 113 1415 351 1176 426 1237 387 186 254 14 109 1339 308 440 348 1668 378 1269 434 534 376 1327 272 166
41 21 500 3543 343 1149 486 629 258 1098 44 608 126 1469 197 1512 6 302 25 1466 141 144 273 80 491 1792 309 1259 77 194 134 904 45 1258 421 1239 406 406 367 15 356 262 475 481 82 1171
42 21 500 4673 492 87 472 1868 405 1464 11 1677 395 354 321 1203 112 1397 249 98 300 1145 355 1720 383 112 478 601 333 1215 452 1165 296 622 8 1735 446 1727 139 1909 238 1667 304 443 487 1358
43 21 500 3399 406 1236 106 503 35 250 209 1607 484 672 436 1585 150 1120 299 601 284 446 75 1791 180 20 17 170 280 1606 189 83 48 27 293 454 262 898 308 1149 500 1869 255 483 40 1542
44 21 500 4461 67 1689 161 1217 290 944 163 1864 86 194 235 954 216 514 412 904 449 1311 430 741 264 192 490 1424 340 1489 292 446 324 1831 487 742 372 647 459 513 442 1973 228 1379 166 962
45 21 500 3408 184 1233 327 1595 136 1127 406 1066 219 1021 109 209 444 948 49 87 245 724 270 1731 466 141 229 1776 5 1022 248 1732 252 265 45 1435 498 1223 30 1985 350 287 50 568 307 658
46 21 500 3632 128 103 457 1177 41 53 400 810 135 1717 302 863 492 658 236 1591 389 987 208 1785 422 1705 360 1803 189 1709 89 1091 247 100 256 201 409 1284 242 461 35 1903 96 1252 57 1810
47 21 500 3924 95 214 398 686 455 1384 245 1091 157 949 450 311 489 510 251 431 490 850 383 1245 50 1291 380 143 103 766 17 1954 360 1464 19 1257 1 1825 492 1745 416 1501 45 1717 311 385
48 21 500 4037 227 562 316 1716 411 1698 312 812 340 543 455 1442 308 1704 492 1677 157 1703 140 527 459 1992 352 302 236 1619 302 780 335 1613 164 1561 26 331 128 1936 28 1291 247 1367 333 53
49 21 500 4445 161 1141 256 1652 317 1764 206 308 291 1016 299 994 34 612 471 1165 446 1083 180 1859 460 1011 338 1895 390 1129 493 757 461 1398 269 453 5 272 477 1928 411 992 226 904 160 611
