0 15 136 20 31 19 14 17 36 18 43 16 25 14 9 15 14 13 37 9 13 8 40 12 8 7 47 11 22 10 8 6 46
1 15 120 19 37 18 35 16 24 17 42 14 6 15 45 12 37 13 2 9 14 5 11 10 6 11 38 7 47 2 50 4 10
2 15 121 19 38 18 42 17 26 16 1 15 3 14 16 13 49 11 1 6 25 12 23 3 20 10 43 7 14 4 10 8 10
3 15 123 19 38 16 49 18 8 17 30 6 45 10 42 14 44 15 17 13 6 11 25 12 41 5 16 8 38 9 8 3 34
4 15 120 19 42 18 39 17 48 15 35 16 7 14 27 11 46 12 9 13 42 10 36 4 33 5 16 8 31 1 26 9 50
5 15 125 19 49 18 21 17 6 16 23 14 30 13 2 15 33 12 41 11 3 9 8 7 7 10 35 8 48 4 25 6 47
6 15 123 19 6 18 28 17 36 16 31 12 48 15 14 13 47 14 38 5 22 11 30 9 38 8 13 10 27 7 39 2 30
7 15 124 18 9 19 9 16 11 17 24 15 5 14 40 11 4 13 47 12 13 10 40 9 24 8 24 5 7 4 31 7 42
8 15 122 19 1 17 25 18 34 16 41 14 9 13 24 15 19 9 44 8 26 12 45 10 23 11 47 7 9 2 15 4 3
9 15 125 18 45 19 8 17 29 15 39 16 11 14 9 13 14 11 11 9 41 12 16 10 42 7 14 8 43 6 4 4 2
10 15 121 19 9 17 35 18 29 16 35 15 40 14 25 13 10 12 38 11 21 10 7 3 5 9 31 4 23 6 26 7 18
11 15 125 19 50 17 5 18 48 16 38 15 16 12 4 14 45 13 42 7 50 10 46 11 27 9 24 6 7 8 20 5 49
12 15 123 19 36 18 41 17 27 16 27 15 20 14 43 12 33 13 38 10 45 9 5 6 3 8 29 11 20 7 31 2 37
13 15 125 19 20 18 29 17 27 16 40 15 21 10 45 14 3 13 19 11 44 12 48 9 41 4 38 7 5 8 50 6 20
14 15 123 19 6 18 36 17 18 16 24 8 30 15 50 14 9 10 10 11 48 13 14 12 26 7 13 9 50 6 27 2 27
15 15 123 19 41 18 3 17 43 16 10 14 26 9 1 15 44 13 34 12 23 10 10 7 40 8 32 11 7 2 32 5 3
16 15 125 19 24 17 43 14 31 18 10 16 7 12 13 15 19 13 8 7 16 6 20 10 43 9 7 11 37 5 18 8 43
17 15 125 19 25 18 18 14 11 17 29 15 49 16 23 13 29 4 39 12 21 6 37 11 30 10 29 8 33 7 17 9 38
18 15 124 19 40 18 33 17 33 16 31 15 15 9 38 14 31 13 49 12 21 10 16 11 16 7 31 5 26 8 25 4 1
19 15 125 18 13 19 35 17 19 16 45 14 5 11 33 12 16 15 15 13 37 10 37 9 16 6 2 7 16 8 7 4 50
20 15 124 19 33 14 41 18 28 15 1 17 9 16 30 13 25 11 12 12 6 9 48 10 16 5 32 8 29 4 8 7 14
21 15 125 19 6 18 10 17 40 16 21 15 8 12 40 14 31 13 13 11 9 9 13 7 9 6 33 10 43 8 42 5 20
22 15 123 19 48 17 50 18 4 16 31 14 4 12 17 15 32 13 18 5 24 11 40 9 34 8 32 10 48 6 37 4 45
23 15 123 19 44 17 15 18 50 15 49 16 50 11 32 14 14 12 9 13 44 8 37 10 19 9 40 5 47 7 28 2 18
24 15 121 19 30 18 19 17 44 16 34 12 27 15 28 14 14 8 21 9 12 7 2 13 8 11 2 3 43 2 29 10 28
25 15 121 19 7 18 19 17 36 11 16 16 23 14 16 15 2 13 34 9 27 12 49 10 22 3 11 8 26 7 16 1 30
26 15 122 19 21 18 39 17 25 16 28 15 31 14 9 13 27 12 44 11 9 4 18 8 14 6 47 3 35 10 17 9 12
27 15 124 18 39 19 30 16 17 17 35 15 41 10 28 14 34 12 22 11 41 13 15 9 48 7 7 5 38 4 23 8 36
28 15 125 19 50 18 11 17 16 14 26 16 33 15 49 13 16 9 33 10 29 12 18 11 14 6 43 7 31 4 29 8 49
29 15 119 19 35 17 44 18 23 15 48 10 16 13 10 16 34 14 43 8 50 5 49 7 21 12 3 4 38 11 33 2 27
30 15 121 19 24 18 35 16 50 17 23 12 29 2 26 15 35 14 10 13 4 11 49 10 36 4 18 7 13 6 18 9 17
31 15 124 19 24 18 20 17 18 16 17 14 14 15 39 13 27 10 34 7 6 11 9 12 41 4 27 8 2 9 25 5 12
32 15 125 19 17 18 7 17 21 16 46 13 44 15 26 14 7 8 11 11 31 12 43 10 16 7 27 6 47 5 49 9 42
33 15 122 19 7 18 42 17 38 16 32 12 23 15 6 11 13 13 39 14 19 10 44 2 20 8 26 9 11 4 5 7 32
34 15 125 19 41 18 17 15 45 17 6 16 14 12 29 14 31 10 50 13 37 11 34 9 27 7 38 8 7 6 37 5 26
35 15 122 19 25 18 32 16 36 17 25 15 16 10 20 14 42 13 31 9 34 7 23 11 39 12 42 8 32 4 31 2 14
36 15 124 19 38 18 12 17 18 16 37 15 34 14 26 9 44 13 36 12 46 11 30 10 26 8 22 3 26 6 17 7 38
37 15 123 19 44 18 47 16 43 17 17 12 40 15 7 14 37 10 8 13 49 8 23 5 32 6 28 11 3 9 32 4 4
38 15 124 19 16 18 48 17 44 15 33 13 24 16 8 14 5 11 12 12 46 5 29 9 32 10 30 8 44 7 7 4 24
39 15 123 19 39 18 1 17 36 16 45 15 28 14 39 9 40 12 8 13 32 11 6 6 8 10 39 3 11 8 16 5 16
40 15 125 19 42 18 34 17 23 16 42 12 35 14 25 15 11 11 13 13 6 9 9 6 40 10 43 8 34 7 6 4 46
41 15 123 19 10 18 49 17 18 16 25 14 40 15 16 12 3 10 6 13 25 7 20 2 26 5 3 11 21 9 35 8 38
42 15 123 19 28 18 46 17 9 14 13 16 46 12 49 15 36 13 4 11 27 9 33 8 29 4 50 10 27 6 28 5 8
43 15 125 19 47 18 27 16 15 17 39 15 22 11 27 14 47 13 32 4 15 9 10 8 44 12 6 10 17 6 32 7 42
44 15 121 19 40 18 5 17 4 14 36 10 8 16 37 15 33 12 13 13 32 11 36 9 43 4 1 6 1 8 28 2 27
45 15 124 19 21 18 2 17 11 16 41 9 32 15 33 14 35 13 8 12 26 11 8 10 18 7 45 6 17 8 17 3 12
46 15 123 19 45 18 3 17 23 16 2 15 25 14 37 7 21 13 41 12 8 10 34 11 27 9 15 4 28 8 50 3 10
47 15 123 19 26 18 11 17 49 15 47 16 10 13 38 11 13 5 34 14 4 12 47 6 29 9 12 10 47 8 14 4 26
48 15 123 19 15 18 4 17 19 16 42 14 13 15 2 10 12 12 23 13 19 11 22 8 41 3 1 9 23 5 40 7 3
49 15 123 19 30 18 48 17 29 16 11 13 42 15 16 14 44 12 49 10 16 9 32 8 10 11 10 7 2 5 48 3 32
